Mes	Dia	Venta
6	3	424
6	4	944
6	5	393
6	6	460
6	1	732
6	2	426
6	3	654
6	4	302
6	5	477
6	6	430
6	1	718
6	2	318
6	3	379
6	4	903
6	5	801
6	6	523
6	1	281
6	2	499
6	3	527
6	4	533
6	5	250
6	6	585
6	1	1497
6	2	216
6	3	373
6	4	295
7	5	313
7	6	312
7	1	626
7	2	197
7	3	218
7	4	378
7	5	405
7	6	775
7	1	617
7	2	133
7	3	350
7	4	362
7	5	544
7	6	530
7	1	630
7	2	603
7	3	1651
7	4	472
7	5	414
7	6	385
7	1	449
7	2	407
7	3	487
7	4	652
7	5	810
7	6	620
8	1	701
8	2	601
8	3	682
8	4	760
8	5	906
8	6	509
8	1	1468
8	2	870
8	3	777
8	4	862
8	5	615
8	6	1352
8	1	2817
8	2	1002
8	3	1344
8	4	1249
8	5	1046
8	6	1563
8	1	1883
8	2	1363
8	3	1037
8	4	1086
8	5	933
8	6	1312
8	1	1713
8	2	1158
8	3	410
9	4	723
9	5	486
9	6	958
9	1	1273
9	2	416
9	3	335
9	4	360
9	5	367
9	6	560
9	1	749
9	2	354
9	3	281
9	4	704
9	5	396
9	6	404
9	1	786
9	2	78
9	3	298
9	4	370
9	5	1111
9	6	1271
9	1	773
9	2	117
9	3	149
9	4	129
9	5	141
10	6	705
10	1	432
10	2	71
10	3	110
10	4	204
10	5	378
10	6	274
10	1	272
10	2	376
10	3	268
10	4	352
10	5	243
10	6	358
10	1	228
10	2	318
10	3	340
10	4	395
10	5	543
10	6	482
10	1	361
10	2	283
10	3	240
10	4	239
10	5	220
10	6	261
10	1	781
11	2	362
11	3	442
11	4	474
11	5	554
11	6	933
11	1	1643
11	2	577
11	3	442
11	4	633
11	5	787
11	6	621
11	1	1809
11	2	534
11	3	458
11	4	483
11	5	227
11	6	758
11	1	1444
11	2	170
11	3	172
11	5	1674
11	6	2009
11	1	714
11	2	325
11	3	466
12	4	516
12	5	350
12	6	2149
12	1	1834
12	2	786
12	3	710
12	4	784
12	5	670
12	6	1489
12	1	2217
12	2	1135
12	3	862
12	4	380
12	5	1356
12	6	2890
12	1	3078
12	2	2294
12	3	2365
12	4	1801
12	5	2042
12	6	325
12	1	816
12	2	564
12	3	1083
12	4	667
12	5	621
12	6	720
1	1	1292
1	2	994
1	3	377
1	4	1073
1	5	415
1	6	800
1	1	976
1	2	194
1	3	393
1	4	481
1	5	210
1	6	1686
1	1	1411
1	2	399
1	3	546
1	4	460
1	5	564
1	6	1586
1	1	1163
1	2	320
1	3	291
1	4	686
1	5	530
1	6	768
1	1	817
1	2	335
2	3	490
2	4	152
2	5	256
2	6	799
2	1	670
2	2	435
2	3	716
2	4	306
2	5	243
2	6	449
2	1	753
2	2	561
2	3	544
2	4	212
2	5	155
2	6	2187
2	1	934
2	2	343
2	3	237
2	4	130
2	5	332
2	6	472
2	1	790
2	2	643
2	3	439
3	4	264
3	5	420
3	6	827
3	1	322
3	2	524
3	3	418
3	5	726
3	6	389
3	1	504
3	2	259
3	3	422
3	4	347
3	5	624
3	6	731
3	1	606
3	2	537
3	3	293
3	4	331
3	5	539
3	6	972
3	1	1107
3	2	312
3	3	203
3	4	883
3	5	579
3	6	1016
4	1	1247
4	2	859
4	3	357
4	4	874
4	5	361
4	6	1129
4	1	911
4	2	542
4	3	932
4	4	383
4	5	581
4	6	851
4	1	865
4	2	489
4	3	525
4	4	371
4	5	589
4	6	815
4	1	697
4	2	422
4	3	328
4	4	431
4	5	553
4	6	470
4	1	650
5	2	383
5	3	391
5	4	254
5	5	440
5	6	519
5	1	1211
5	2	230
5	3	346
5	4	191
5	5	234
5	6	481
5	1	732
5	2	577
5	3	796
5	4	265
5	5	629
5	6	631
5	1	2058
5	2	338
5	3	526
5	4	623
5	5	714
5	6	759
5	1	1308
5	2	931
5	3	524
5	4	791
6	5	1103
6	6	847
6	1	1964
6	2	901
6	3	1026
6	4	873
6	5	874
6	6	513
6	1	1064
6	2	339
6	3	955
6	4	899
6	5	893
6	6	1188
6	1	1599
6	2	574
6	3	527
6	4	645
6	5	491
6	6	668
6	1	1036
6	2	667
6	3	444
6	4	686
6	5	798
6	6	677
7	1	1056
7	2	844
7	3	716
7	4	664
7	5	817
7	6	571
7	1	864
7	2	438
7	3	635
7	4	679
7	5	585
7	6	632
7	1	1452
7	2	1181
7	3	4613
7	4	1391
7	5	998
7	6	579
7	1	1253
7	2	508
7	3	778
7	4	551
7	5	697
7	6	1142
7	1	1635
7	2	771
8	3	1030
8	4	1143
8	5	1033
8	6	1465
8	1	1845
8	2	1476
8	3	1471
8	4	948
8	5	1079
8	6	1197
8	1	2710
8	2	1684
8	3	1281
8	4	1163
8	5	1433
8	6	1276
8	1	2406
8	2	1693
8	3	1036
8	4	1147
8	5	1614
8	6	1565
8	1	3192
8	2	1201
8	3	1209
8	4	932
8	5	927
9	6	1352
9	1	1950
9	2	901
9	3	614
9	4	813
9	5	427
9	6	680
9	1	838
9	2	480
9	3	199
9	4	287
9	5	472
9	6	626
9	1	1023
9	2	136
9	3	452
9	4	537
9	5	266
9	6	791
9	1	654
9	2	305
9	3	256
9	4	818
9	5	990
9	6	484
10	1	384
10	2	199
10	3	17
10	4	128
10	5	421
10	6	1190
10	1	1006
10	2	446
10	3	305
10	4	330
10	5	250
10	6	375
10	1	730
10	2	408
10	3	185
10	4	481
10	5	555
10	6	379
10	1	614
10	2	136
10	3	93
10	4	82
10	5	402
10	6	542
10	1	747
10	2	246
10	3	93
11	4	529
11	5	686
11	6	1174
11	1	1511
11	2	684
11	3	385
11	4	370
11	5	992
11	6	938
11	1	1850
11	2	390
11	3	523
11	4	417
11	5	546
11	6	866
11	1	2035
11	2	595
11	3	315
11	5	1648
11	6	740
11	1	1337
11	2	588
11	3	649
11	4	688
11	5	817